<?xml version="1.0"?>
<opencv_storage>
<camera_matrix type_id="opencv-matrix">
  <rows>3</rows>
  <cols>3</cols>
  <dt>d</dt>
  <data>
    5.6455045171644508e+02 0. 3.8874825278595523e+02 0.
    5.5775287528462616e+02 1.4261935345651625e+02 0. 0. 1.</data></camera_matrix>
<distortion_coefficients type_id="opencv-matrix">
  <rows>5</rows>
  <cols>1</cols>
  <dt>d</dt>
  <data>
    9.0644402297127169e-02 -1.1048728801450818e-01
    -3.8151624253130949e-02 2.1205677179283271e-02
    9.0119041349813675e-02</data></distortion_coefficients>
</opencv_storage>
